9600 0000	0C30 0000	053B 3100	6F00 0000	E218 0000	0601 2D00
6800 0000	0000 0000	0124 0000	6600 0000	0000 0000	012C 3100
8800 0000	0000 0000	0326 2A00	0000 0000	0000 0000	1E00 0000
0000 0000	0000 0000	1E00 0000	0000 0000	0000 0000	2800 0000
0000 0000	0000 0000	1E00 0000	0000 0000	0000 0000	2800 0000

0326 2A00 = 2762243
9600 0000 = 150
0C30 0000 = 12300
053B 3100 = 3226373
6F00 0000 = 111
E218 0000 = 6370
0601 2D00 = 2949382
6800 0000 = 104
0000 0000 = 0
0124 0000 = 9217
6600 0000 = 102
012C 3100 = 3222529
8800 0000 = 136
0326 2A00 = 2762243
1E00 0000 = 30
2800 0000 = 40


96 00 00 00 0C 30 00 00 05 3B 31 00 6F 00 00 00 E2 18 00 00 06 01 2D 00
68 00 00 00 00 00 00 00 01 24 00 00 66 00 00 00 00 00 00 00 01 2C 31 00
88 00 00 00 00 00 00 00 03 26 2A 00 00 00 00 00 00 00 00 00 1E 00 00 00
00 00 00 00 00 00 00 00 1E 00 00 00 00 00 00 00 00 00 00 00 28 00 00 00
00 00 00 00 00 00 00 00 1E 00 00 00 00 00 00 00 00 00 00 00 28 00 00 00


150	0	0	0	12	48	0	0
5	59	49	0	111	0	0	0
226	24	0	0	6	1	45	0

104	0	0	0	0	0	0	0
1	36	0	0	102	0	0	0
0	0	0	0	1	44	49	0

136	0	0	0	0	0	0	0
3	38	42	0	0	0	0	0
0	0	0	0	30	0	0	0

0	0	0	0	0	0	0	0
30	0	0	0	0	0	0	0
0	0	0	0	40	0	0	0

0	0	0	0	0	0	0	0
30	0	0	0	0	0	0	0
0	0	0	0	40	0	0	0
